# Created by Octave 3.0.1, Fri Oct 10 19:46:59 2008 CEST <marcos@port-bujosa>
# name: Bart
# type: matrix
# rows: 2
# columns: 129
Bart=[ 64 64 61 57 55 55 72 80 77 80 82 80 72 55 47 39 33 32 35 36 42 45 42 36 35 35 35 39 45 51 53 56 61 67 73 78 80 81 78 75 75 78 81 81 79 75 70 62 58 53 52 49 48 48 49 51 52 51 51 51 45 39 35 32 32 32 35 39 43 48 51 55 51 48 43 44 47 54 56 60 64 67 72 74 80 80 86 87 92 93 99 100 106 107 115 110 94 91 88 87 88 91 91 89 91 91 94 94 94 91 88 87 88 91 94 97 98 97 94 91 87 84 87 91 91 92 85 69 64
 -104 -99 -95 -95 -94 -90 -89 -88 -86 -88 -91 -88 -89 -90 -89 -87 -84 -81 -75 -69 -69 -68 -69 -69 -67 -62 -60 -60 -61 -61 -65 -68 -70 -71 -70 -67 -64 -61 -58 -60 -62 -62 -61 -56 -50 -47 -44 -44 -45 -50 -52 -53 -52 -50 -48 -49 -52 -54 -57 -61 -61 -60 -60 -57 -52 -49 -45 -42 -41 -42 -43 -47 -43 -42 -41 -38 -35 -16 -5 -11 -6 -12 -7 -14 -9 -16 -11 -17 -12 -21 -16 -22 -19 -27 -25 -32 -72 -72 -73 -74 -76 -76 -79 -81 -79 -76 -77 -79 -77 -76 -76 -74 -73 -72 -72 -75 -80 -82 -84 -85 -83 -80 -83 -85 -95 -102 -105 -106 -104]
