# Created by Octave 4.2.0, Sun Feb 12 12:20:49 2023 CET <marcos@encina>
# name: X190014
# type: matrix
# rows: 336
# columns: 2
 199501 5462.88
 199502 5484.137
 199503 5535.353
 199504 5580.288
 199505 5652.112
 199506 5688.296
 199507 5784.458
 199508 5772.966
 199509 5706.587
 199510 5651.93
 199511 5676.258
 199512 5685.593
 199601 5637.365
 199602 5672.996
 199603 5704.545
 199604 5749.663
 199605 5817.506
 199606 5874.756
 199607 5964.413
 199608 5961.166
 199609 5877.062
 199610 5858.693
 199611 5889.602
 199612 5891.45
 199701 5841.971
 199702 5889.766
 199703 5956.993
 199704 6013.329
 199705 6088.607
 199706 6154.828
 199707 6267.269
 199708 6268.472
 199709 6205.032
 199710 6203.175
 199711 6244.763
 199712 6227.663
 199801 6197.213
 199802 6253.995
 199803 6325.735
 199804 6394.458
 199805 6482.166
 199806 6537.467
 199807 6621.237
 199808 6610.139
 199809 6600.172
 199810 6627.09
 199811 6680.593
 199812 6679.166
 199901 6634.293
 199902 6696.926
 199903 6732.819
 199904 6814.282
 199905 6934.852
 199906 6962.31
 199907 7145.101
 199908 7045.418
 199909 7019.253
 199910 7108.879
 199911 7112.014
 199912 7134.141
 200001 7062.716
 200002 7125.961
 200003 7199.581
 200004 7317.404
 200005 7376.106
 200006 7410.744
 200007 7562.504
 200008 7495.452
 200009 7558.572
 200010 7511.497
 200011 7571.528
 200012 7570.493
 200101 7480.584
 200102 7563.829
 200103 7676.251
 200104 7722.974
 200105 7799.472
 200106 7901.11
 200107 7955.575
 200108 7874.574
 200109 7884.533
 200110 7871.224
 200111 7959.842
 200112 7979.527
 200201 7875.288
 200202 7921.602
 200203 8007.382
 200204 8052.784
 200205 8142.377
 200206 8224.198
 200207 8275.002
 200208 8299.511
 200209 8169.001
 200210 8185.163
 200211 8269.907999999999
 200212 8263.58
 200301 8167.911
 200302 8246.588
 200303 8317.902
 200304 8410.529
 200305 8514.835999999999
 200306 8512.743
 200307 8618.866
 200308 8551.23
 200309 8504.778
 200310 8539.690000000001
 200311 8630.668
 200312 8580.476000000001
 200401 8530.76
 200402 8608.218000000001
 200403 8636.718999999999
 200404 8720.822
 200405 8818.708000000001
 200406 8811.42
 200407 8975.518
 200408 8856.527
 200409 8853.973
 200410 8940.124
 200411 8966.276
 200412 8947.305
 200501 8897.681
 200502 8968.445
 200503 9038.58
 200504 9150.761
 200505 9250.171
 200506 9284.019
 200507 9466.129999999999
 200508 9341.412
 200509 9368.459999999999
 200510 9438.397999999999
 200511 9489.123
 200512 9496.290000000001
 200601 9403.852999999999
 200602 9482.681
 200603 9563.727999999999
 200604 9718.812
 200605 9761.950999999999
 200606 9748.445
 200607 9900.521000000001
 200608 9800.543
 200609 9938.921
 200610 9897.877
 200611 9976.474
 200612 9979.286
 200701 9886.708000000001
 200702 9936.066000000001
 200703 10093.688
 200704 10123.246
 200705 10208.039
 200706 10295.203
 200707 10299.46
 200708 10157.912
 200709 10319.582
 200710 10251.964
 200711 10334.523
 200712 10348.014
 200801 10219.004
 200802 10274.002
 200803 10335.509
 200804 10389.163
 200805 10524.457
 200806 10409.473
 200807 10481.798
 200808 10480.725
 200809 10299.228
 200810 10271.608
 200811 10302.983
 200812 10201.111
 200901 10062.274
 200902 9992.222
 200903 9945.852000000001
 200904 9968.438
 200905 10078.856
 200906 9935.566999999999
 200907 10036.192
 200908 9934.487999999999
 200909 9899.564
 200910 10016.5
 200911 9959.556
 200912 9960.379000000001
 201001 9847.602999999999
 201002 9870.929
 201003 9844.955
 201004 9933.5
 201005 10003.28
 201006 9903.396000000001
 201007 10134.876
 201008 9925.638000000001
 201009 9919.870000000001
 201010 10016.196
 201011 9947.776
 201012 9965.459999999999
 201101 9788.521000000001
 201102 9826.028
 201103 9859.563
 201104 10026.447
 201105 9998.102999999999
 201106 9894.556
 201107 10147.984
 201108 9915.928
 201109 9870.284
 201110 9882.440000000001
 201111 9880.126
 201112 9866.087
 201201 9669.627
 201202 9665.522999999999
 201203 9733.334999999999
 201204 9736.625
 201205 9747.837
 201206 9784.598
 201207 9735.040000000001
 201208 9600.24
 201209 9679.405000000001
 201210 9516.951999999999
 201211 9487.34
 201212 9507.724
 201301 9325.545
 201302 9347.099
 201303 9429.785
 201304 9436.337
 201305 9510.582
 201306 9569.236999999999
 201307 9539.380999999999
 201308 9574.977999999999
 201309 9479.403
 201310 9475.663
 201311 9545.894
 201312 9534.046
 201401 9379.130999999999
 201402 9432.539000000001
 201403 9516.366
 201404 9628.307000000001
 201405 9786.236000000001
 201406 9721.630999999999
 201407 9782.940000000001
 201408 9820.433000000001
 201409 9712.047
 201410 9742.735000000001
 201411 9822.038
 201412 9834.611000000001
 201501 9760.543
 201502 9838.416999999999
 201503 9929.867
 201504 10020.472
 201505 10210.155
 201506 10074.125
 201507 10163.337
 201508 10061.21
 201509 10081.056
 201510 10212.145
 201511 10163.323
 201512 10215.056
 201601 10123.685
 201602 10152.431
 201603 10256.886
 201604 10451.352
 201605 10482.656
 201606 10455.271
 201607 10692.582
 201608 10411.483
 201609 10494.49
 201610 10557.599
 201611 10586.112
 201612 10622.587
 201701 10488.938
 201702 10600.361
 201703 10683.197
 201704 10940.362
 201705 10964.824
 201706 10941.786
 201707 11045.071
 201708 10863.195
 201709 11141.476
 201710 11028.714
 201711 11074.012
 201712 11094.859
 201801 10943.31
 201802 11035.567
 201803 11228.206
 201804 11289.471
 201805 11393.903
 201806 11513.915
 201807 11428.491
 201808 11235.414
 201809 11532.934
 201810 11405.1
 201811 11451.1
 201812 11499.533
 201901 11317.186
 201902 11421.535
 201903 11603.982
 201904 11683.991
 201905 11789.06
 201906 11912.499
 201907 11827.757
 201908 11835.111
 201909 11763.709
 201910 11745.774
 201911 11905.61
 201912 11836.318
 202001 11625.074
 202002 11809.811
 202003 11235.84
 202004 11170.686
 202005 11255.711
 202006 11164.348
 202007 11357.655
 202008 11269.707
 202009 11451.719
 202010 11584.849
 202011 11537.14
 202012 11525.875
 202101 11425.456
 202102 11423.482
 202103 11393.705
 202104 11511.271
 202105 11694.077
 202106 11751.366
 202107 12027.438
 202108 11735.725
 202109 11925.798
 202110 12162.694
 202111 12155.904
 202112 11945.063
 202201 12020.66
 202202 12126.323
 202203 12230.134
 202204 12493.448
 202205 12534.594
 202206 12498.775
 202207 12687.617
 202208 12343.336
 202209 12497.716
 202210 12578.624
 202211 12627.349
 202212 12593.182


