# Created by Octave 4.2.0, Thu Feb 18 14:32:49 2021 CET <marcos@encina>
# name: X229200
# type: matrix
# rows: 552
# columns: 2
 197501 73.22371471
 197502 76.035096427
 197503 79.99658884599999
 197504 78.974268221
 197505 78.59089798700001
 197506 78.71868806499999
 197507 72.329184164
 197508 46.771168558
 197509 78.463107909
 197510 85.235982045
 197511 79.357638455
 197512 76.035096427
 197601 72.329184164
 197602 75.907306349
 197603 81.40227970399999
 197604 82.29681024999999
 197605 84.085871342
 197606 82.424600328
 197607 81.78564993800001
 197608 52.393931992
 197609 83.446920952
 197610 84.085871342
 197611 85.49156220099999
 197612 81.530069782
 197701 78.974268221
 197702 84.852611811
 197703 92.775596648
 197704 86.38609274700001
 197705 90.858745478
 197706 87.280623293
 197707 78.59089798700001
 197708 50.860451055
 197709 87.025043137
 197710 87.025043137
 197711 85.49156220099999
 197712 85.235982045
 197801 83.830291186
 197802 86.130512591
 197803 88.686314151
 197804 87.280623293
 197805 88.941894308
 197806 92.90338672599999
 197807 81.274489626
 197808 52.266141913
 197809 89.58084469800001
 197810 93.28675696099999
 197811 92.90338672599999
 197812 83.70250110800001
 197901 87.536203449
 197902 81.65785986
 197903 89.836424854
 197904 83.319130874
 197905 95.842558521
 197906 91.88106610200001
 197907 86.258302669
 197908 52.905092304
 197909 85.87493243500001
 197910 92.64780657
 197911 93.414547039
 197912 81.146699548
 198001 88.30294391699999
 198002 89.325264542
 198003 90.09200500999999
 198004 87.152833215
 198005 92.264436336
 198006 88.558524073
 198007 86.513882825
 198008 48.049069339
 198009 88.686314151
 198010 95.714768443
 198011 90.47537524400001
 198012 83.57471103
 198101 83.063550718
 198102 86.00272251299999
 198103 91.49769586799999
 198104 87.40841337099999
 198105 90.219795088
 198106 90.7309554
 198107 90.347585166
 198108 45.876638012
 198109 85.49156220099999
 198110 90.98653555600001
 198111 88.941894308
 198112 83.446920952
 198201 80.252169002
 198202 83.830291186
 198203 92.64780657
 198204 84.852611811
 198205 89.58084469800001
 198206 87.280623293
 198207 87.025043137
 198208 45.237687622
 198209 89.964214932
 198210 86.769462981
 198211 89.325264542
 198212 81.78564993800001
 198301 83.19134079600001
 198302 83.319130874
 198303 92.39222641400001
 198304 86.38609274700001
 198305 92.136646258
 198306 90.219795088
 198307 83.19134079600001
 198308 46.515588402
 198309 89.06968438600001
 198310 88.81410423
 198311 90.219795088
 198312 85.619352279
 198401 85.87493243500001
 198402 87.536203449
 198403 89.964214932
 198404 83.57471103
 198405 92.64780657
 198406 88.30294391699999
 198407 87.79178360500001
 198408 50.732660977
 198409 87.280623293
 198410 93.28675696099999
 198411 91.114325634
 198412 80.635539236
 198501 86.769462981
 198502 85.363772123
 198503 89.708634776
 198504 87.025043137
 198505 93.414547039
 198506 86.00272251299999
 198507 90.7309554
 198508 49.326970119
 198509 89.836424854
 198510 101.337531876
 198511 92.90338672599999
 198512 83.958081264
 198601 87.40841337099999
 198602 87.919573683
 198603 88.175153839
 198604 96.99266922299999
 198605 94.564657741
 198606 95.970348599
 198607 96.609298989
 198608 47.537909026
 198609 94.69244781899999
 198610 103.893333437
 198611 96.353718833
 198612 88.047363761
 198701 87.025043137
 198702 93.542337117
 198703 99.29289062799999
 198704 94.948027975
 198705 100.954161642
 198706 101.72090211
 198707 106.449134997
 198708 50.093710587
 198709 101.465321954
 198710 104.532283827
 198711 102.487642579
 198712 91.625485946
 198801 89.708634776
 198802 97.88719977
 198803 105.937974685
 198804 98.653940238
 198805 105.937974685
 198806 105.682394529
 198807 102.487642579
 198808 53.416252616
 198809 103.893333437
 198810 103.509963203
 198811 108.110406012
 198812 93.542337117
 198901 101.465321954
 198902 100.826371564
 198903 106.832505231
 198904 106.576925075
 198905 110.666207572
 198906 114.244329757
 198907 109.388306792
 198908 58.400065659
 198909 110.666207572
 198910 113.094219055
 198911 113.860959523
 198912 94.053497429
 199001 107.727035778
 199002 103.509963203
 199003 113.988749601
 199004 100.44300133
 199005 113.860959523
 199006 113.733169445
 199007 109.260516714
 199008 58.144485503
 199009 107.343665544
 199010 110.79399765
 199011 113.477589289
 199012 92.264436336
 199101 105.810184607
 199102 101.209741798
 199103 99.548470784
 199104 106.96029531
 199105 108.87714648
 199106 107.982615934
 199107 108.621566324
 199108 56.738794644
 199109 107.343665544
 199110 117.31129163
 199111 110.410627416
 199112 98.014989848
 199201 101.848692188
 199202 104.021123515
 199203 107.854825856
 199204 101.848692188
 199205 104.915654061
 199206 108.110406012
 199207 109.004936558
 199208 57.377745035
 199209 102.743222735
 199210 104.787863983
 199211 100.826371564
 199212 88.686314151
 199301 88.941894308
 199302 92.64780657
 199303 101.08195172
 199304 93.414547039
 199305 98.78173031599999
 199306 101.08195172
 199307 101.848692188
 199308 54.821943474
 199309 101.209741798
 199310 100.570791408
 199311 102.871012813
 199312 93.797917273
 199401 92.136646258
 199402 97.88719977
 199403 107.5992457
 199404 100.698581486
 199405 106.576925075
 199406 110.15504726
 199407 106.449134997
 199408 62.617138234
 199409 109.388306792
 199410 109.132726636
 199411 114.499909913
 199412 102.871012813
 199501 106.832505231
 199502 105.554604451
 199503 118.972562644
 199504 101.209741798
 199505 117.439081708
 199506 118.205822176
 199507 110.666207572
 199508 66.067470341
 199509 110.282837338
 199510 112.966428977
 199511 115.138860303
 199512 97.248249379
 199601 104.787863983
 199602 105.554604451
 199603 110.282837338
 199604 102.487642579
 199605 113.605379367
 199606 110.921787728
 199607 115.522230537
 199608 65.30072987200001
 199609 109.643886948
 199610 120.633833659
 199611 112.838638899
 199612 99.29289062799999
 199701 107.982615934
 199702 106.193554841
 199703 110.410627416
 199704 121.272784049
 199705 116.544551162
 199706 119.739303112
 199707 125.106486389
 199708 70.028962759
 199709 120.889413815
 199710 131.495990291
 199711 120.633833659
 199712 109.771677026
 199801 114.116539679
 199802 119.355932878
 199803 127.151127638
 199804 117.694661864
 199805 124.211955843
 199806 130.473669667
 199807 132.390520837
 199808 75.523936115
 199809 125.617646702
 199810 129.962509355
 199811 127.534497872
 199812 114.627699991
 199901 115.394440459
 199902 118.461402332
 199903 129.962509355
 199904 120.761623737
 199905 127.534497872
 199906 132.646100993
 199907 134.179581929
 199908 80.124378924
 199909 130.218089511
 199910 128.812398652
 199911 133.668421617
 199912 121.017203893
 200001 119.611513034
 200002 129.706929199
 200003 141.974776689
 200004 118.844772566
 200005 139.418975129
 200006 138.907814817
 200007 133.157261305
 200008 85.747142357
 200009 129.834719277
 200010 132.007150603
 200011 138.65223466
 200012 114.627699991
 200101 126.38438717
 200102 124.723116155
 200103 136.224223178
 200104 118.716982488
 200105 137.37433388
 200106 134.307372008
 200107 131.879360525
 200108 88.175153839
 200109 125.362066546
 200110 135.585272788
 200111 130.473669667
 200112 106.96029531
 200201 122.039524517
 200202 122.550684829
 200203 119.739303112
 200204 131.751570447
 200205 134.435162086
 200206 126.128807014
 200207 136.73538349
 200208 84.724821733
 200209 128.556818496
 200210 143.252677469
 200211 132.134940681
 200212 112.583058743
 200301 122.422894751
 200302 124.211955843
 200303 132.773891071
 200304 125.489856624
 200305 132.646100993
 200306 132.262730759
 200307 139.418975129
 200308 81.78564993800001
 200309 131.368200213
 200310 143.636047704
 200311 132.773891071
 200312 116.416761084
 200401 118.205822176
 200402 126.38438717
 200403 141.463616377
 200404 125.74543678
 200405 135.585272788
 200406 140.057925519
 200407 138.907814817
 200408 87.025043137
 200409 136.352013256
