# Created by Octave 4.2.0, Sun Feb 12 12:20:49 2023 CET <marcos@encina>
# name: X229600
# type: matrix
# rows: 576
# columns: 2
 197501 104.769723481
 197502 130.072600095
 197503 168.949415726
 197504 174.747991617
 197505 166.972628491
 197506 188.849073897
 197507 189.639788791
 197508 50.210395781
 197509 199.128367521
 197510 210.857305118
 197511 200.446225678
 197512 180.151210061
 197601 158.670122102
 197602 165.522984518
 197603 167.631557569
 197604 186.081571767
 197605 174.089062538
 197606 178.306208641
 197607 169.608344805
 197608 127.568669597
 197609 133.499031303
 197610 152.871546211
 197611 181.469068218
 197612 169.608344805
 197701 158.933693733
 197702 193.593363262
 197703 175.27513488
 197704 194.647649787
 197705 169.212987358
 197706 192.802648368
 197707 165.522984518
 197708 34.791455345
 197709 136.793676696
 197710 195.306578866
 197711 182.523354743
 197712 165.127627071
 197801 151.290116422
 197802 196.229079576
 197803 208.221588804
 197804 170.926202962
 197805 184.895499426
 197806 193.461577446
 197807 186.345143398
 197808 63.388977351
 197809 179.360495166
 197810 207.299088095
 197811 190.957646948
 197812 147.99547103
 197901 188.585502265
 197902 165.391198702
 197903 182.259783112
 197904 157.352263945
 197905 214.810879589
 197906 190.430503685
 197907 179.492280982
 197908 58.908259617
 197909 140.351893719
 197910 192.670862552
 197911 195.438364682
 197912 169.608344805
 198001 173.693705091
 198002 179.228709351
 198003 176.856564668
 198004 178.833351904
 198005 167.895129201
 198006 157.088692313
 198007 155.507262525
 198008 28.861093638
 198009 173.825490907
 198010 196.229079576
 198011 185.68621432
 198012 149.84047245
 198101 162.887268204
 198102 183.182283822
 198103 168.422272463
 198104 150.104044081
 198105 141.669751876
 198106 149.049757556
 198107 130.731529173
 198108 25.830019877
 198109 132.576530593
 198110 142.987610033
 198111 151.290116422
 198112 142.460466771
 198201 121.374736259
 198202 134.553317829
 198203 137.847963221
 198204 122.033665337
 198205 129.809028464
 198206 127.832241228
 198207 135.475818539
 198208 24.907519167
 198209 144.173682375
 198210 130.599743358
 198211 144.437254006
 198212 130.336171726
 198301 125.723668177
 198302 125.196524914
 198303 138.375106484
 198304 123.219737679
 198305 127.700455412
 198306 119.397949023
 198307 121.506522074
 198308 28.992879454
 198309 131.654029883
 198310 128.754741938
 198311 130.731529173
 198312 118.211876682
 198401 115.444374552
 198402 119.266163208
 198403 117.289375972
 198404 106.219367453
 198405 120.320449733
 198406 105.296866743
 198407 120.979378812
 198408 30.837880874
 198409 108.855083767
 198410 128.491170307
 198411 136.266533433
 198412 110.172941924
 198501 112.281514976
 198502 110.700085187
 198503 111.886157528
 198504 109.118655399
 198505 117.816519235
 198506 101.73864972
 198507 122.429022784
 198508 25.698234061
 198509 117.025804341
 198510 136.925462511
 198511 125.591882361
 198512 107.800797242
 198601 114.126516395
 198602 111.754371713
 198603 107.405439795
 198604 120.452235549
 198605 114.258302211
 198606 117.816519235
 198607 129.281885201
 198608 17.922870935
 198609 123.615095126
 198610 133.762602934
 198611 121.506522074
 198612 109.514012846
 198701 104.637937665
 198702 116.894018525
 198703 118.080090866
 198704 113.335801501
 198705 121.63830789
 198706 126.909740518
 198707 132.576530593
 198708 21.085730512
 198709 132.04938733
 198710 137.847963221
 198711 136.925462511
 198712 127.700455412
 198801 110.700085187
 198802 126.909740518
 198803 135.607604354
 198804 124.932953283
 198805 138.243320668
 198806 137.189034143
 198807 134.685103644
 198808 22.403588669
 198809 137.58439159
 198810 135.607604354
 198811 140.088322088
 198812 119.134377392
 198901 126.382597255
 198902 129.677242648
 198903 134.948675276
 198904 134.948675276
 198905 141.537966061
 198906 147.731899399
 198907 137.979749037
 198908 28.465736191
 198909 141.406180245
 198910 137.979749037
 198911 143.910110743
 198912 110.172941924
 199001 129.150099385
 199002 128.491170307
 199003 138.902249747
 199004 117.157590156
 199005 138.638678115
 199006 136.266533433
 199007 135.212246907
 199008 27.675021297
 199009 131.522244068
 199010 128.886527754
 199011 137.716177405
 199012 105.692224191
 199101 115.180802921
 199102 112.808658238
 199103 102.265792982
 199104 119.925092286
 199105 120.056878102
 199106 128.886527754
 199107 129.545456832
 199108 31.496809952
 199109 127.700455412
 199110 131.522244068
 199111 125.460096545
 199112 122.165451153
 199201 109.250441214
 199202 114.258302211
 199203 118.211876682
 199204 111.754371713
 199205 114.126516395
 199206 119.529734839
 199207 120.979378812
 199208 47.970036914
 199209 111.359014266
 199210 109.38222703
 199211 109.118655399
 199212 101.606863904
 199301 87.242209993
 199302 93.83150077800001
 199303 103.583651139
 199304 93.567929146
 199305 99.76186248400001
 199306 108.855083767
 199307 102.265792982
 199308 37.954314921
 199309 100.289005747
 199310 97.257931986
 199311 101.211506457
 199312 93.30435751500001
 199401 80.25756176100001
 199402 94.35864404
 199403 103.583651139
 199404 96.86257453899999
 199405 102.134007167
 199406 109.38222703
 199407 106.087581638
 199408 40.062887972
 199409 105.165080928
 199410 104.242580218
 199411 111.622585897
 199412 103.979008587
 199501 104.242580218
 199502 106.482939085
 199503 121.242950443
 199504 103.451865324
 199505 121.111164627
 199506 122.824380231
 199507 115.049017105
 199508 44.543605706
 199509 110.172941924
 199510 114.785445474
 199511 118.739019945
 199512 100.289005747
 199601 103.979008587
 199602 111.490800081
 199603 117.289375972
 199604 111.095442634
 199605 122.956166047
 199606 120.056878102
 199607 124.669381651
 199608 46.915750389
 199609 116.498661078
 199610 127.568669597
 199611 120.188663917
 199612 107.273653979
 199701 110.172941924
 199702 109.514012846
 199703 115.312588737
 199704 127.964027044
 199705 123.746880941
 199706 132.444744777
 199707 138.243320668
 199708 53.768612805
 199709 132.840102225
 199710 143.778324928
 199711 132.708316409
 199712 116.762232709
 199801 119.529734839
 199802 129.018313569
 199803 138.375106484
 199804 127.17331215
 199805 135.475818539
 199806 146.414041242
 199807 142.592252586
 199808 58.117544723
 199809 137.847963221
 199810 142.328680955
 199811 141.537966061
 199812 123.219737679
 199901 121.242950443
 199902 131.12688662
 199903 143.251181665
 199904 127.305097965
 199905 137.452605774
 199906 146.018683794
 199907 151.158330607
 199908 58.381116355
 199909 145.755112163
 199910 139.165821378
 199911 149.445115003
 199912 128.359384491
 200001 127.436883781
 200002 149.708686634
 200003 163.150839835
 200004 131.12688662
 200005 162.09655331
 200006 162.623696573
 200007 152.344402948
 200008 69.18755324200001
 200009 145.2279689
 200010 147.99547103
 200011 159.065479549
 200012 129.150099385
 200101 143.382967481
 200102 145.359754716
 200103 157.088692313
 200104 132.708316409
 200105 158.538336286
 200106 157.220478129
 200107 149.708686634
 200108 76.435773105
 200109 138.638678115
 200110 148.259042661
 200111 137.847963221
 200112 112.808658238
 200201 127.17331215
 200202 132.181173146
 200203 125.460096545
 200204 141.801537692
 200205 143.910110743
 200206 135.73939017
 200207 143.778324928
 200208 69.582910689
 200209 137.979749037
 200210 148.390828477
 200211 138.111534853
 200212 117.816519235
 200301 121.770093706
 200302 130.336171726
 200303 137.979749037
 200304 130.467957542
 200305 138.111534853
 200306 139.824750457
 200307 141.537966061
 200308 64.04790643
 200309 140.088322088
 200310 154.452975999
 200311 142.855824218
 200312 124.010452573
 200401 121.506522074
 200402 133.103673856
 200403 147.863685214
 200404 129.018313569
 200405 143.251181665
 200406 154.189404368
 200407 145.359754716
 200408 69.84648232000001
 200409 148.786185924
 200410 139.034035562
