# Created by Octave 4.2.0, Sun Feb 12 12:20:49 2023 CET <marcos@encina>
# name: X230410g
# type: matrix
# rows: 539
# columns: 2
 197801 28232
 197802 30338
 197803 36084
 197804 29885
 197805 34039
 197806 31709
 197807 35480
 197808 25906
 197809 21487
 197810 29394
 197811 27718
 197812 30863
 197901 27812
 197902 32390
 197903 38389
 197904 34091
 197905 33321
 197906 30235
 197907 38691
 197908 24349
 197909 26487
 197910 33913
 197911 27048
 197912 33507
 198001 27719
 198002 24213
 198003 24869
 198004 25450
 198005 24312
 198006 25101
 198007 34902
 198008 14266
 198009 20527
 198010 24405
 198011 18798
 198012 24189
 198101 21430
 198102 22723
 198103 24616
 198104 24214
 198105 21505
 198106 23705
 198107 35881
 198108 16067
 198109 20112
 198110 20264
 198111 22041
 198112 28443
 198201 19038
 198202 19880
 198203 26879
 198204 22758
 198205 26411
 198206 24152
 198207 27545
 198208 13386
 198209 19275
 198210 15917
 198211 20180
 198212 20312
 198301 30632
 198302 21867
 198303 23764
 198304 21939
 198305 24746
 198306 21587
 198307 21141
 198308 11270
 198309 17816
 198310 18386
 198311 22581
 198312 21897
 198401 19442
 198402 22073
 198403 22653
 198404 19215
 198405 21587
 198406 18790
 198407 22156
 198408 13114
 198409 12192
 198410 20022
 198411 17174
 198412 17692
 198501 19567
 198502 19080
 198503 18158
 198504 20250
 198505 19898
 198506 18759
 198507 26476
 198508 10866
 198509 14615
 198510 19515
 198511 23026
 198512 33747
 198601 14741
 198602 17187
 198603 18076
 198604 21627
 198605 21332
 198606 22074
 198607 27871
 198608 16551
 198609 18169
 198610 19594
 198611 20377
 198612 26763
 198701 20157
 198702 26382
 198703 33615
 198704 27580
 198705 35231
 198706 32552
 198707 39809
 198708 17145
 198709 27071
 198710 35003
 198711 27488
 198712 36713
 198801 25240
 198802 32201
 198803 33780
 198804 34166
 198805 35736
 198806 32162
 198807 46362
 198808 23398
 198809 28772
 198810 29806
 198811 31112
 198812 43728
 198901 32399
 198902 32386
 198903 35544
 198904 37656
 198905 39719
 198906 39787
 198907 40231
 198908 25007
 198909 26483
 198910 27580
 198911 30426
 198912 34474
 199001 24004
 199002 26615
 199003 28045
 199004 23950
 199005 28664
 199006 27865
 199007 34861
 199008 14374
 199009 17795
 199010 21415
 199011 19557
 199012 18034
 199101 20872
 199102 21378
 199103 19988
 199104 26971
 199105 22884
 199106 25817
 199107 26959
 199108 14005
 199109 18818
 199110 20066
 199111 20024.0507812501
 199112 19889.7011718751
 199201 15451
 199202 18715
 199203 20961
 199204 19930
 199205 21130
 199206 22963
 199207 27215
 199208 9287
 199209 16003
 199210 15739
 199211 17264
 199212 16402
 199301 15115
 199302 20209
 199303 20649
 199304 16520
 199305 17617
 199306 23385
 199307 23491
 199308 11444
 199309 15049
 199310 16465
 199311 19409
 199312 17167
 199401 15071
 199402 19971
 199403 22457
 199404 20676
 199405 23274
 199406 25657
 199407 27826
 199408 16426
 199409 22448
 199410 24306
 199411 27069
 199412 23412
 199501 23913
 199502 25196
 199503 34446
 199504 26057
 199505 31790
 199506 28815
 199507 30638
 199508 15793
 199509 22563
 199510 27764
 199511 24114
 199512 18023
 199601 22988
 199602 23650
 199603 23919
 199604 24943
 199605 24158
 199606 21822
 199607 31242
 199608 16168
 199609 20747
 199610 25912
 199611 24793
 199612 22105
 199701 23080
 199702 25764
 199703 23511
 199704 27234
 199705 24349
 199706 29118
 199707 36819
 199708 17870
 199709 25456
 199710 37807
 199711 32373
 199712 34347
 199801 26771
 199802 30230
 199803 35001
 199804 36499
 199805 36488
 199806 39457
 199807 49897
 199808 24955
 199809 34285
 199810 39519
 199811 38878
 199812 37841
 199901 33191
 199902 40375
 199903 47902
 199904 42026
 199905 50154
 199906 48837
 199907 54765
 199908 28755
 199909 39335
 199910 40889
 199911 47218
 199912 42046
 200001 39552
 200002 48820
 200003 52880
 200004 52062
 200005 61733
 200006 44223
 200007 51072
 200008 31463
 200009 35721
 200010 37669
 200011 44296
 200012 36177
 200101 39555
 200102 42118
 200103 48092
 200104 37474
 200105 44095
 200106 45744
 200107 53723
 200108 31057
 200109 35409
 200110 41947
 200111 45423
 200112 37934
 200201 39458
 200202 43373
 200203 39019
 200204 44416
 200205 47706
 200206 44513
 200207 56799
 200208 32761
 200209 42647
 200210 48832
 200211 42718
 200212 41939
 200301 47041
 200302 49376
 200303 54573
 200304 54070
 200305 57021
 200306 55129
 200307 72981
 200308 29892
 200309 47993
 200310 58678
 200311 53342
 200312 56236
 200401 44319
 200402 54459
 200403 64320
 200404 54684
 200405 62277
 200406 64525
 200407 80756
 200408 40197
 200409 52389
 200410 53767
 200411 59860
 200412 55498
 200501 47790
 200502 58509
 200503 62789
 200504 63718
 200505 65083
 200506 66440
 200507 71859
 200508 41898
 200509 64525
 200510 57551
 200511 65341
 200512 64149
 200601 59756
 200602 63933
 200603 77421
 200604 54858
 200605 75280
 200606 78589
 200607 86234
 200608 55279
 200609 126753
 200610 69985
 200611 62078
 200612 55395
 200701 59268
 200702 59472
 200703 98478
 200704 59370
 200705 59675
 200706 58447
 200707 54281
 200708 33738
 200709 44248
 200710 47317
 200711 44209
 200712 32924
 200801 29555
 200802 30083
 200803 27789
 200804 33253
 200805 23238
 200806 21626
 200807 22775
 200808 10827
 200809 16169
 200810 16754
 200811 15377
 200812 17349
 200901 9861
 200902 10253
 200903 11061
 200904 10418
 200905 9640
 200906 8981
 200907 10949
 200908 4971
 200909 7749
 200910 9299
 200911 9373
 200912 8294
 201001 6331
 201002 7575
 201003 9653
 201004 8036
 201005 8424
 201006 9601
 201007 8125
 201008 5009
 201009 7412
 201010 5849
 201011 7670
 201012 7977
 201101 6777
 201102 8190
 201103 6986
 201104 5922
 201105 6516
 201106 8545
 201107 7236
 201108 4351
 201109 7870
 201110 5882
 201111 4597
 201112 5414
 201201 4771
 201202 4599
 201203 4846
 201204 3797
 201205 3945
 201206 3498
 201207 4038
 201208 2639
 201209 3155
 201210 3181
 201211 3106
 201212 2587
 201301 3274
 201302 4298
 201303 2619
 201304 2618
 201305 2628
 201306 2900
 201307 3979
 201308 1585
 201309 2190
 201310 2824
 201311 2489
 201312 2884
 201401 2494
 201402 2660
 201403 3545
 201404 2981
 201405 3248
 201406 3064
 201407 4641
 201408 2082
 201409 2878
 201410 3265
 201411 2149
 201412 1866
 201501 3417
 201502 4200
 201503 3064
 201504 4503
 201505 3948
 201506 4540
 201507 5169
 201508 2739
 201509 4597
 201510 3701
 201511 4743
 201512 5074
 201601 4945
 201602 5676
 201603 6201
 201604 4794
 201605 7120
 201606 4540
 201607 6302
 201608 3291
 201609 4968
 201610 5358
 201611 5945
 201612 4898
 201701 6234
 201702 6545
 201703 7184
 201704 4908
 201705 7681
 201706 8344
 201707 8326
 201708 4755
 201709 6712
 201710 7395
 201711 6606
 201712 6096
 201801 6694
 201802 8305
 201803 8461
 201804 7106
 201805 9727
 201806 9626
 201807 12172
 201808 5953
 201809 7255
 201810 8583
 201811 9252
 201812 7599
 201901 9306
 201902 9175
 201903 9405
 201904 9708
 201905 9525
 201906 9458
 201907 11967
 201908 5114
 201909 8299
 201910 9341
 201911 6896
 201912 8072
 202001 8376
 202002 9155
 202003 6403
 202004 4299
 202005 6591
 202006 7141
 202007 6673
 202008 5322
 202009 8488
 202010 7014
 202011 9014
 202012 7059
 202101 7362
 202102 7818
 202103 8603
 202104 9175
 202105 8976
 202106 8837
 202107 10280
 202108 6253
 202109 11517
 202110 10037
 202111 10336
 202112 9124
 202201 8900
 202202 8366
 202203 11065
 202204 6604
 202205 7647
 202206 9785
 202207 8933
 202208 6312
 202209 10675
 202210 11064
 202211 11449


