# Created by Octave 4.2.0, Tue Feb 11 11:56:58 2020 CET <marcos@encina>
# name: X232020e
# type: matrix
# rows: 459
# columns: 2
 198001 16945
 198002 20156
 198003 22882
 198004 24481
 198005 24549
 198006 24323
 198007 24960
 198008 10989
 198009 22933
 198010 26387
 198011 22620
 198012 17404
 198101 18150
 198102 22280
 198103 23190
 198104 17460
 198105 24310
 198106 23370
 198107 21890
 198108 11680
 198109 24880
 198110 21740
 198111 22850
 198112 18220
 198201 16410
 198202 20560
 198203 19580
 198204 16190
 198205 19280
 198206 17410
 198207 15810
 198208 12450
 198209 21240
 198210 18460
 198211 17780
 198212 32400
 198301 19050
 198302 17260
 198303 19910
 198304 22300
 198305 18630
 198306 19220
 198307 15530
 198308 12940
 198309 16290
 198310 20690
 198311 19220
 198312 32470
 198401 15560
 198402 16590
 198403 16830
 198404 15620
 198405 16710
 198406 14420
 198407 12950
 198408 11910
 198409 12040
 198410 15750
 198411 15650
 198412 38040
 198501 17033
 198502 13818
 198503 15584
 198504 14231
 198505 17962
 198506 32758
 198507 16934
 198508 14132
 198509 18512
 198510 20970
 198511 18569
 198512 21780
 198601 12918
 198602 14995
 198603 17096
 198604 17977
 198605 21004
 198606 20360
 198607 19605
 198608 14314
 198609 16496
 198610 21248
 198611 21161
 198612 17460
 198701 17385
 198702 18352
 198703 22266
 198704 18631
 198705 22354
 198706 21697
 198707 25627
 198708 17527
 198709 23161
 198710 22149
 198711 21704
 198712 20267
 198801 18882
 198802 22131
 198803 21720
 198804 20879
 198805 24043
 198806 17720
 198807 21020
 198808 22779
 198809 24978
 198810 25946
 198811 22222
 198812 28319
 198901 22621
 198902 23712
 198903 23833
 198904 27532
 198905 23367
 198906 23348
 198907 25343
 198908 21245
 198909 23378
 198910 29876
 198911 19107
 198912 22017
 199001 18937
 199002 22896
 199003 20689
 199004 16381
 199005 19575
 199006 21016
 199007 18548
 199008 18375
 199009 21552
 199010 28134
 199011 16098
 199012 17190
 199101 16134
 199102 15963
 199103 15850
 199104 18907
 199105 17305
 199106 16212
 199107 20417
 199108 16933
 199109 17820
 199110 20595
 199111 12704
 199112 15016
 199201 14291
 199202 14900
 199203 16437
 199204 14589
 199205 17245
 199206 17876
 199207 18312
 199208 14882
 199209 17213
 199210 24941
 199211 14416
 199212 25419
 199301 13542
 199302 11944
 199303 16238
 199304 14196
 199305 16872
 199306 16152
 199307 14909
 199308 15497
 199309 16990
 199310 22316
 199311 14939
 199312 23440
 199401 16488
 199402 15341
 199403 18681
 199404 16006
 199405 19129
 199406 20682
 199407 17333
 199408 18441
 199409 23735
 199410 25503
 199411 17095
 199412 26478
 199501 21475
 199502 22623
 199503 27148
 199504 19443
 199505 25213
 199506 33337
 199507 23764
 199508 27375
 199509 28339
 199510 33349
 199511 17798
 199512 22505
 199601 22042
 199602 20566
 199603 22282
 199604 24622
 199605 23647
 199606 23490
 199607 24658
 199608 24274
 199609 26392
 199610 32983
 199611 20310
 199612 21566
 199701 26138
 199702 22999
 199703 19235
 199704 27505
 199705 27221
 199706 25252
 199707 32535
 199708 22696
 199709 29497
 199710 42028
 199711 20721
 199712 26905
 199801 32420
 199802 31036
 199803 37280
 199804 22692
 199805 29170
 199806 33488
 199807 33394
 199808 33516
 199809 40302
 199810 54824
 199811 25703
 199812 33555
 199901 43119
 199902 39511
 199903 38615
 199904 33895
 199905 40734
 199906 49964
 199907 41847
 199908 48013
 199909 54303
 199910 57616
 199911 26084
 199912 36936
 200001 38797
 200002 43721
 200003 44213
 200004 39498
 200005 51126
 200006 49372
 200007 48637
 200008 53650
 200009 44040
 200010 57380
 200011 25833
 200012 37433
 200101 38633
 200102 44477
 200103 47875
 200104 40534
 200105 43793
 200106 47916
 200107 39065
 200108 46595
 200109 45464
 200110 59733
 200111 31515
 200112 38147
 200201 41248
 200202 40087
 200203 33650
 200204 42039
 200205 43169
 200206 40308
 200207 50279
 200208 49753
 200209 46559
 200210 69906
 200211 34096
 200212 51966
 200301 48228
 200302 46610
 200303 45440
 200304 49104
 200305 47433
 200306 52408
 200307 64104
 200308 49545
 200309 53396
 200310 69054
 200311 44525
 200312 52338
 200401 50657
 200402 52487
 200403 62407
 200404 52027
 200405 56211
 200406 62470
 200407 53635
 200408 56806
 200409 65170
 200410 75883
 200411 44065
 200412 58604
 200501 59027
 200502 57683
 200503 63978
 200504 54836
 200505 59689
 200506 63319
 200507 61278
 200508 58815
 200509 60258
 200510 64487
 200511 44710
 200512 68193
 200601 57602
 200602 60023
 200603 57061
 200604 61143
 200605 61281
 200606 67870
 200607 51118
 200608 64211
 200609 67619
 200610 80109
 200611 60194
 200612 71948
 200701 63415
 200702 55400
 200703 50574
 200704 53637
 200705 50925
 200706 58766
 200707 49254
 200708 49374
 200709 48207
 200710 48763
 200711 37393
 200712 50268
 200801 34516
 200802 31824
 200803 27085
 200804 30151
 200805 32050
 200806 28717
 200807 24489
 200808 17428
 200809 20808
 200810 32487
 200811 21161
 200812 27774
 200901 11982
 200902 12527
 200903 14363
 200904 13644
 200905 13891
 200906 13700
 200907 13387
 200908 9183
 200909 10529
 200910 14009
 200911 12290
 200912 19781
 201001 11945
 201002 10299
 201003 9571
 201004 10620
 201005 11400
 201006 11041
 201007 8033
 201008 6842
 201009 9884
 201010 11572
 201011 7761
 201012 14648
 201101 6925
 201102 7268
 201103 8760
 201104 7002
 201105 8325
 201106 11790
 201107 5578
 201108 6105
 201109 6240
 201110 6661
 201111 6619
 201112 4965
 201201 6095
 201202 5040
 201203 5880
 201204 3575
 201205 4469
 201206 4027
 201207 3449
 201208 4264
 201209 4135
 201210 4389
 201211 2712
 201212 3700
 201301 2951
 201302 3197
 201303 2652
 201304 2911
 201305 4077
 201306 3084
 201307 2651
 201308 2398
 201309 2573
 201310 3997
 201311 2444
 201312 2786
 201401 2556
 201402 4326
 201403 2342
 201404 2662
 201405 2937
 201406 4436
 201407 2974
 201408 3403
 201409 3154
 201410 3782
 201411 2096
 201412 3350
 201501 3932
 201502 3085
 201503 3911
 201504 3494
 201505 4002
 201506 5428
 201507 3944
 201508 3581
 201509 5663
 201510 5901
 201511 3159
 201512 4465
 201601 4557
 201602 6440
 201603 6916
 201604 3951
 201605 6225
 201606 6770
 201607 4450
 201608 4592
 201609 5212
 201610 7565
 201611 3648
 201612 6580
 201701 6352
 201702 6811
 201703 6121
 201704 6815
 201705 7812
 201706 7398
 201707 6729
 201708 6799
 201709 6509
 201710 7582
 201711 6463
 201712 5884
 201801 6823
 201802 6787
 201803 7959


