# Created by Octave 4.2.0, Sun Feb 12 12:20:49 2023 CET <marcos@encina>
# name: X234200
# type: matrix
# rows: 407
# columns: 2
 198901 637049
 198902 531733
 198903 406705
 198904 553472
 198905 461373
 198906 771044
 198907 454401
 198908 2438234
 198909 853479
 198910 1104384
 198911 660182
 198912 501827
 199001 377021
 199002 397509
 199003 551296
 199004 600435
 199005 509256
 199006 819714
 199007 728060
 199008 1274753
 199009 615334
 199010 792483
 199011 877742
 199012 516299
 199101 626711
 199102 648997
 199103 621219
 199104 893246
 199105 779396
 199106 775284
 199107 744551
 199108 317242
 199109 293508
 199110 477854
 199111 468907
 199112 344320
 199201 249352
 199202 546687
 199203 498757
 199204 413645
 199205 356577
 199206 632197
 199207 988737
 199208 499100
 199209 412395
 199210 983757
 199211 610546
 199212 1496552
 199301 248423
 199302 462981
 199303 597338
 199304 956987
 199305 988860
 199306 1015585
 199307 1333423
 199308 829446
 199309 462689
 199310 863891
 199311 893962
 199312 1064822
 199401 282264
 199402 446327
 199403 675819
 199404 519586
 199405 893023
 199406 825403
 199407 985787
 199408 886192
 199409 1228326
 199410 896024
 199411 733450
 199412 1438269
 199501 383929
 199502 602773
 199503 656999
 199504 741392
 199505 971895
 199506 417858
 199507 230138
 199508 313754
 199509 258120
 199510 520185
 199511 559418
 199512 1041033
 199601 301956
 199602 400864
 199603 813187
 199604 1208129
 199605 506224
 199606 624286
 199607 960498
 199608 903022
 199609 700412
 199610 1060142
 199611 592790
 199612 1057338
 199701 340311
 199702 303279
 199703 271243
 199704 500611
 199705 694949
 199706 633023
 199707 785634
 199708 1028801
 199709 518297
 199710 1079508
 199711 937884
 199712 907379
 199801 573255
 199802 502781
 199803 1449823
 199804 536515
 199805 599031
 199806 1436372
 199807 1539194
 199808 1221100
 199809 1303621
 199810 951316
 199811 1052663
 199812 1827186
 199901 653815
 199902 681531
 199903 659245
 199904 1020364
 199905 1194309
 199906 1197601
 199907 1315239
 199908 715393
 199909 646134
 199910 767998
 199911 902858
 199912 1705963
 200001 671687
 200002 788547
 200003 1107918
 200004 796444
 200005 1672290
 200006 686586
 200007 1148887
 200008 692512
 200009 611367
 200010 941361
 200011 1387064
 200012 1235347
 200101 1541162
 200102 300832
 200103 689085
 200104 964645
 200105 1109544
 200106 1442052
 200107 2322672
 200108 1828822
 200109 1533072
 200110 2170926
 200111 1166599
 200112 1271229
 200201 1360272
 200202 686393
 200203 1240442
 200204 1065074
 200205 987133
 200206 1430360
 200207 3575761
 200208 1340585
 200209 760094
 200210 1974530
 200211 2471544
 200212 2718424
 200301 1376797
 200302 848195
 200303 2638475
 200304 1262393
 200305 2389844
 200306 1534616
 200307 1366079
 200308 937256
 200309 971762
 200310 1299202
 200311 904640
 200312 1170355
 200401 1476932
 200402 2096467
 200403 2289281
 200404 1246830
 200405 756848
 200406 2721196
 200407 3455755
 200408 2248469
 200409 784531
 200410 1117537
 200411 1165534
 200412 1504768
 200501 2578756
 200502 1000619
 200503 1933570
 200504 1814796
 200505 1907363
 200506 1823938
 200507 1972049
 200508 2791693
 200509 1637089
 200510 2018484
 200511 1384681
 200512 2147534
 200601 2646270
 200602 1041380
 200603 2214400
 200604 2181346
 200605 3401510
 200606 2093355
 200607 2145497
 200608 3542705
 200609 1814748
 200610 3365444
 200611 2773825
 200612 3741855
 200701 2915679
 200702 1376198
 200703 2165483
 200704 2051634
 200705 2950256
 200706 2699081
 200707 3090171
 200708 1574243
 200709 1115864
 200710 2193129
 200711 1701981
 200712 2673769
 200801 2358509
 200802 2275720
 200803 5106395
 200804 3211257
 200805 1139395
 200806 800405
 200807 2659096
 200808 1408039
 200809 1683637
 200810 2110912
 200811 2090011
 200812 3530805
 200901 2002545
 200902 3353131
 200903 3041556
 200904 1754231
 200905 1390154
 200906 1588257
 200907 2340388
 200908 1743734
 200909 1439430
 200910 1229077
 200911 1433509
 200912 3839791
 201001 814118
 201002 1142745
 201003 1210304
 201004 975040
 201005 1243444
 201006 1390192
 201007 751073
 201008 1243370
 201009 1255807
 201010 1026290
 201011 1309829
 201012 1129002
 201101 658411
 201102 719096
 201103 624717
 201104 517734
 201105 971054
 201106 573567
 201107 543103
 201108 591519
 201109 714007
 201110 218860
 201111 900382
 201112 368139
 201201 206152
 201202 739383
 201203 198575
 201204 248208
 201205 1120148
 201206 271532
 201207 283277
 201208 289989
 201209 192987
 201210 254342
 201211 226187
 201212 125395
 201301 265519
 201302 437017
 201303 310924
 201304 226939
 201305 286626
 201306 368624
 201307 650718
 201308 635227
 201309 258203
 201310 412747
 201311 518259
 201312 843345
 201401 855065
 201402 695377
 201403 720561
 201404 399629
 201405 766549
 201406 334416
 201407 723666
 201408 466458
 201409 402776
 201410 730401
 201411 365195
 201412 624319
 201501 381485
 201502 285872
 201503 799532
 201504 689743
 201505 807488
 201506 450561
 201507 402956
 201508 231032
 201509 265704
 201510 521310
 201511 255897
 201512 385297
 201601 188731
 201602 378745
 201603 821795
 201604 473140
 201605 221508
 201606 432574
 201607 485771
 201608 556749
 201609 283926
 201610 387723
 201611 303037
 201612 487043
 201701 387765
 201702 347750
 201703 329196
 201704 321971
 201705 486952
 201706 434795
 201707 461031
 201708 843228
 201709 442921
 201710 978326
 201711 616862
 201712 1080332
 201801 705543
 201802 457979
 201803 894000
 201804 142768
 201805 124817
 201806 366136
 201807 589944
 201808 1378620
 201809 145449
 201810 640154
 201811 409523
 201812 387904
 201901 1822830
 201902 242533
 201903 543489
 201904 558086
 201905 413382
 201906 525373
 201907 1206508
 201908 407518
 201909 231448
 201910 190794
 201911 185339
 201912 613926
 202001 889145
 202002 901050
 202003 243625
 202004 114360
 202005 470360
 202006 415822
 202007 616996
 202008 510297
 202009 448432
 202010 619336
 202011 486518
 202012 917873
 202101 838742
 202102 757703
 202103 741795
 202104 1102741
 202105 961886
 202106 1067701
 202107 1435365
 202108 1550498
 202109 1005890
 202110 1235010
 202111 1071839
 202112 1407157
 202201 1530953
 202202 629088
 202203 1464572
 202204 852955
 202205 1337699
 202206 1391796
 202207 1431029
 202208 1412236
 202209 1067967
 202210 1638356
 202211 1984692


