# Created by Octave 4.2.0, Thu Feb 18 14:32:49 2021 CET <marcos@encina>
# name: X255100
# type: matrix
# rows: 757
# columns: 2
 195801 1236.3
 195802 1125.8
 195803 1196.2
 195804 1095.6
 195805 1115.8
 195806 1095.6
 195807 1140.9
 195808 1120.7
 195809 1181.1
 195810 1261.5
 195811 1256.4
 195812 1301.7
 195901 1331.8
 195902 1231.3
 195903 1241.4
 195904 1241.4
 195905 1181.1
 195906 1196.2
 195907 1236.3
 195908 1191.1
 195909 1181.1
 195910 1261.5
 195911 1306.7
 195912 1352
 196001 1346.9
 196002 1311.7
 196003 1326.8
 196004 1231.3
 196005 1301.7
 196006 1256.4
 196007 1301.7
 196008 1301.7
 196009 1316.8
 196010 1372
 196011 1432.4
 196012 1583.1
 196101 1593.2
 196102 1397.2
 196103 1502.7
 196104 1407.3
 196105 1462.5
 196106 1392.1
 196107 1452.5
 196108 1467.5
 196109 1482.6
 196110 1543
 196111 1628.3
 196112 1688.7
 196201 1698.7
 196202 1553
 196203 1759.1
 196204 1553
 196205 1618.3
 196206 1553
 196207 1613.3
 196208 1553
 196209 1618.3
 196210 1628.3
 196211 1764
 196212 1734
 196301 1814.4
 196302 1975.2
 196303 1854.5
 196304 1749
 196305 1754
 196306 1718.8
 196307 1708.7
 196308 1653.5
 196309 1698.7
 196310 1794.2
 196311 1960.1
 196312 2075.7
 196401 2231.5
 196402 2115.8
 196403 2045.5
 196404 2025.4
 196405 1929.9
 196406 1970.1
 196407 2025.4
 196408 1934.9
 196409 2075.7
 196410 2191.3
 196411 2246.6
 196412 2402.4
 196501 2392.3
 196502 2301.8
 196503 2347.1
 196504 2141
 196505 2226.4
 196506 2196.2
 196507 2362.1
 196508 2226.4
 196509 2301.8
 196510 2372.2
 196511 2497.8
 196512 2688.8
 196601 2734
 196602 2502.9
 196603 2754.2
 196604 2477.7
 196605 2548.1
 196606 2447.6
 196607 2533
 196608 2517.9
 196609 2643.6
 196610 2698.9
 196611 2975.2
 196612 3151.2
 196701 3196.4
 196702 2904.9
 196703 2904.9
 196704 2879.8
 196705 2829.6
 196706 2804.4
 196707 2879.8
 196708 2784.4
 196709 2915
 196710 3035.6
 196711 3211.5
 196712 3503
 196801 3573.3
 196802 3382.3
 196803 3447.7
 196804 3090.9
 196805 3176.3
 196806 3010.5
 196807 3236.7
 196808 3070.8
 196809 3216.5
 196810 3487.9
 196811 3643.8
 196812 3895
 196901 4030.7
 196902 3759.3
 196903 3915.1
 196904 3573.3
 196905 3578.4
 196906 3472.8
 196907 3673.8
 196908 3513
 196909 3583.4
 196910 3874.9
 196911 4091
 196912 4503.2
 197001 4437.8
 197002 4136.2
 197003 4317.2
 197004 4126.2
 197005 3920.1
 197006 3940.3
 197007 4076
 197008 3804.6
 197009 4131.2
 197010 4312.2
 197011 4357.4
 197012 4875.1
 197101 4925.3
 197102 4447.9
 197103 4895.1
 197104 4206.6
 197105 4196.6
 197106 4091
 197107 4367.5
 197108 4055.8
 197109 4297
 197110 4377.5
 197111 4900.2
 197112 5262
 197201 5367.5
 197202 5151.5
 197203 5211.7
 197204 4704.2
 197205 4804.6
 197206 4684.1
 197207 4739.4
 197208 4473
 197209 4789.6
 197210 5091.2
 197211 5422.8
 197212 5870.2
 197301 6201.8
 197302 5694.2
 197303 5985.8
 197304 5262
 197305 5367.5
 197306 5106.2
 197307 5327.4
 197308 5091.2
 197309 5447.9
 197310 5794.8
 197311 6126.4
 197312 6493.4
 197401 6644.1
 197402 6171.7
 197403 6453.1
 197404 5764.6
 197405 5845.1
 197406 5483.1
 197407 5769.7
 197408 5392.7
 197409 5799.8
 197410 6362.6
 197411 6453.1
 197412 6729.6
 197501 6875.3
 197502 6201.8
 197503 6543.6
 197504 6267.2
 197505 5870.2
 197506 5749.5
 197507 6056.1
 197508 5362.6
 197509 5970.7
 197510 6488.3
 197511 6704.5
 197512 7463.4
 197601 7508.6
 197602 6940.7
 197603 7056.3
 197604 6558.7
 197605 6392.8
 197606 6367.7
 197607 6714.5
 197608 5749.5
 197609 6438.1
 197610 6815
 197611 7453.3
 197612 7785
 197701 7976
 197702 7262.3
 197703 7553.8
 197704 6810
 197705 6935.6
 197706 6608.9
 197707 6583.8
 197708 5764.6
 197709 6789.9
 197710 6985.9
 197711 7574
 197712 8061.4
 197801 8518.700000000001
 197802 7553.8
 197803 7634.2
 197804 7352.8
 197805 7181.9
 197806 7031.2
 197807 7006
 197808 6181.7
 197809 7207
 197810 7453.3
 197811 8041.3
 197812 8478.6
 197901 8925.799999999999
 197902 8026.3
 197903 8639.4
 197904 7684.4
 197905 7825.2
 197906 7493.4
 197907 7548.7
 197908 6578.8
 197909 7428.2
 197910 8006.1
 197911 8775.1
 197912 8935.9
 198001 9689.799999999999
 198002 8528.799999999999
 198003 8584.1
 198004 7880.5
 198005 7930.7
 198006 7568.9
 198007 7865.4
 198008 6588.8
 198009 7835.3
 198010 8373
 198011 8714.799999999999
 198012 9614.4
 198101 9614.4
 198102 8905.799999999999
 198103 8584.1
 198104 7880.5
 198105 7965.9
 198106 7930.7
 198107 8212.200000000001
 198108 6664.2
 198109 7880.5
 198110 8202.1
 198111 8508.700000000001
 198112 9101.799999999999
 198201 9227.4
 198202 8704.700000000001
 198203 9066.6
 198204 8056.4
 198205 8232.299999999999
 198206 8021.2
 198207 8579.1
 198208 6860.2
 198209 8126.8
 198210 8292.6
 198211 8850.5
 198212 9740
 198301 9971.799999999999
 198302 9330.6
 198303 9038.1
 198304 8428.1
 198305 8680.200000000001
 198306 8451.9
 198307 8813
 198308 7148.9
 198309 8511.1
 198310 8711.299999999999
 198311 8974.799999999999
 198312 10011.2
 198401 10505
 198402 9588.9
 198403 10261.2
 198404 8448.799999999999
 198405 9126.299999999999
 198406 8664.6
 198407 9212.4
 198408 7820.1
 198409 8776.6
 198410 9191.6
 198411 9421.9
 198412 9984.200000000001
 198501 11406.5
 198502 9312
 198503 10002.9
 198504 8800.9
 198505 9238.200000000001
 198506 8903.200000000001
 198507 9702
 198508 8066
 198509 9301.6
 198510 9625.299999999999
 198511 10210.4
 198512 10543.4
 198601 11154.9
 198602 10342
 198603 9818.6
 198604 9901.5
 198605 9261.4
 198606 9293
 198607 9941
 198608 8157.4
 198609 9303
 198610 9521.5
 198611 9930.6
 198612 10618
 198701 11388.1
 198702 10192.2
 198703 10080.7
 198704 9355.6
 198705 9661.200000000001
 198706 9721.9
 198707 10395.2
 198708 8766.200000000001
 198709 10034.9
 198710 10048.9
 198711 10565.1
 198712 10808.3
 198801 11019.6
 198802 10692.8
 198803 10909.6
 198804 9907.4
 198805 10112.8
 198806 9890.1
 198807 10734.2
 198808 9440.5
 198809 10545.5
 198810 10442.5
 198811 11007.1
 198812 11931.5
 198901 12674.3
 198902 11232.2
 198903 11159.6
 198904 10865
 198905 10584.9
 198906 10789.3
 198907 11518.6
 198908 10136.7
 198909 10582.8
 198910 10945.9
 198911 11222.9
 198912 11372.3
 199001 12947.1
 199002 10911.7
 199003 11874.4
 199004 10875.4
 199005 11086
 199006 11292.4
 199007 11901.4
 199008 10411.6
 199009 11118.1
 199010 11233.3
 199011 11906.6
 199012 13101.7
 199101 13533.2
 199102 12406.6
 199103 11682.5
 199104 11274.8
 199105 11469.8
 199106 11221.9
 199107 12150.4
 199108 10729.1
 199109 11537.2
 199110 11974
 199111 12322.6
 199112 12709.5
 199201 14091.4
 199202 12802.9
 199203 12510.3
 199204 11387.8
 199205 11442.8
 199206 10948
 199207 12243.7
 199208 10882.6
 199209 11555.9
 199210 11680
 199211 11626
 199212 12285
 199301 13116
 199302 11933
 199303 12473
 199304 10905
 199305 11103
 199306 11219
 199307 11919
 199308 10783
 199309 11206
 199310 11867
 199311 12325
 199312 12781
 199401 13147
 199402 12163
 199403 12096
 199404 11601
 199405 11697
 199406 11919
 199407 12804
 199408 11645
 199409 11927
 199410 11860
 199411 12235
 199412 13142
 199501 13989
 199502 12091
 199503 13302
 199504 11824
 199505 12406
 199506 12365
 199507 13011
 199508 12012
 199509 12241
 199510 12364
 199511 12603
 199512 13286
 199601 13850.727
 199602 13528.649
 199603 13540.004
 199604 11994.133
 199605 12492.689
 199606 12787.945
 199607 13522.616
 199608 12235.866
 199609 12311.298
 199610 12885.964
 199611 13263.783
 199612 13831.493
 199701 14792.57644
 199702 12514.00033
 199703 12944.24382
 199704 12941.66951
 199705 13079.84538
 199706 13056.49185
 199707 13847.15878
 199708 12982.25383
 199709 13640.91818
 199710 13762.20955
 199711 13926.97215
 199712 14924.18095
 199801 15177.18342
 199802 13715.34436
 199803 14381.05489
 199804 13718.16968
 199805 13720.75781
 199806 14101.01119
 199807 15287.2633
 199808 13826.10032
 199809 14159.27307
 199810 14312.69793
 199811 14692.95562
 199812 16013.64616
 199901 16178.87753
 199902 14977.15604
 199903 15402.10979
 199904 14033.68758
 199905 14640.04858
 199906 15059.87995
 199907 16265.64815
