# Created by Octave 4.2.0, Thu Feb 18 14:32:49 2021 CET <marcos@encina>
# name: X256200
# type: matrix
# rows: 624
# columns: 2
 196901 401.1852939
 196902 385.3600381
 196903 418.9555808
 196904 438.9755445
 196905 467.4519469
 196906 463.5656154
 196907 503.9469265
 196908 493.4954185
 196909 474.7791034
 196910 493.1002457
 196911 451.2875171
 196912 439.3032903
 197001 423.3914234
 197002 433.1681822
 197003 476.5722877
 197004 502.5264779
 197005 476.1652816
 197006 509.8211531
 197007 546.0201929999999
 197008 521.144783
 197009 507.4259885
 197010 518.7302431000001
 197011 487.1777767
 197012 462.6757251
 197101 430.143192
 197102 439.2404743
 197103 539.4708981
 197104 493.3486235
 197105 491.1063267
 197106 509.5463251
 197107 595.9074325
 197108 566.1256954
 197109 550.2343355
 197110 550.0414797
 197111 531.6125733
 197112 504.8798023
 197201 478.6020483
 197202 492.3283461
 197203 551.8151863000001
 197204 559.9838049
 197205 575.4701962
 197206 571.7996664
 197207 610.7672726
 197208 609.9739689
 197209 588.1823952
 197210 581.1789978
 197211 570.6348929
 197212 541.7295233
 197301 555.2252129
 197302 542.8170681
 197303 637.6729392
 197304 585.3706693
 197305 626.3826203
 197306 631.1438286
 197307 641.7320321
 197308 687.6317837
 197309 629.3041658
 197310 714.7194131
 197311 624.2419046
 197312 691.2815419
 197401 583.12206
 197402 592.7544897
 197403 581.0004251
 197404 607.1509782000001
 197405 659.1658987
 197406 617.956791
 197407 695.0381675
 197408 659.9971694
 197409 631.7864694
 197410 668.5646207999999
 197411 640.3945499
 197412 651.0489434
 197501 620.8034261
 197502 555.9420269
 197503 578.4653147
 197504 667.5837901
 197505 646.3159802
 197506 668.1326462
 197507 712.4533896
 197508 661.7467223
 197509 676.874683
 197510 728.0304446
 197511 716.8106296
 197512 702.7938068
 197601 719.1892581
 197602 695.7467453
 197603 756.9218565
 197604 700.2374852
 197605 702.6836077
 197606 723.9852337
 197607 806.2639766999999
 197608 718.8922968000001
 197609 781.358221
 197610 829.1792223
 197611 919.9488716
 197612 945.408805
 197701 890.1487552
 197702 839.2244944
 197703 905.3200308
 197704 833.7307746
 197705 823.784309
 197706 783.4989698000001
 197707 845.7730642
 197708 771.4528046
 197709 821.9730204
 197710 848.6750094
 197711 974.4512666000001
 197712 1067.032698
 197801 972.5232185
 197802 946.6004834
 197803 988.0737592
 197804 936.4116320000001
 197805 867.4294936
 197806 875.1460012
 197807 850.2964028
 197808 813.8917537999999
 197809 812.849049
 197810 898.2421543
 197811 1016.69065
 197812 1074.378507
 197901 1052.592839
 197902 980.8356422000001
 197903 1160.288512
 197904 1002.752923
 197905 1026.475056
 197906 885.4169524
 197907 894.4114921
 197908 804.4264835
 197909 818.7083641
 197910 1014.484659
 197911 1159.165282
 197912 1184.411931
 198001 1133.120882
 198002 993.06768
 198003 1006.264317
 198004 953.1178397
 198005 1044.436787
 198006 813.227337
 198007 906.3795089
 198008 749.4450534
 198009 853.2615821000001
 198010 1062.886249
 198011 1026.967785
 198012 1146.784042
 198101 1095.08447
 198102 1003.085973
 198103 1046.658481
 198104 831.7419179
 198105 841.3951631
 198106 855.8560216
 198107 1267.803944
 198108 712.0892519
 198109 823.32317
 198110 890.2139933
 198111 883.0815396
 198112 733.0708051
 198201 959.4317995
 198202 981.6314605
 198203 1046.123399
 198204 887.0068977
 198205 865.1585382
 198206 946.4170795
 198207 978.2346199999999
 198208 741.7301788
 198209 831.130485
 198210 906.8697875
 198211 1087.580597
 198212 1029.974143
 198301 1075.157726
 198302 1000.899666
 198303 1000.871934
 198304 885.5368678
 198305 883.2029407
 198306 884.4894965
 198307 920.5309902
 198308 842.5456114
 198309 925.8745809
 198310 970.5583457
 198311 984.6663354999999
 198312 1061.055289
 198401 1044.426585
 198402 1061.369251
 198403 1099.301732
 198404 872.4251103
 198405 923.8218944
 198406 884.715564
 198407 945.2498119000001
 198408 875.4751108
 198409 875.785828
 198410 1048.352153
 198411 1001.767621
 198412 1078.673699
 198501 1190.88764
 198502 945.74023
 198503 1082.467827
 198504 958.611777
 198505 953.5552655
 198506 858.7665324
 198507 997.9441546
 198508 859.1440932
 198509 889.5990868
 198510 1045.474304
 198511 1117.036974
 198512 1203.260796
 198601 1121.166708
 198602 1046.857733
 198603 1047.474816
 198604 1125.483093
 198605 935.1855976000001
 198606 945.0116417
 198607 1028.517163
 198608 850.4570363
 198609 954.2220276
 198610 1129.362607
 198611 1136.178961
 198612 1262.025368
 198701 1165.608194
 198702 1090.495253
 198703 1160.224931
 198704 1067.388179
 198705 996.3755494
 198706 1032.474402
 198707 1090.884087
 198708 919.6699456
 198709 1001.26076
 198710 1137.561125
 198711 1204.709595
 198712 1250.978346
 198801 1105.098283
 198802 1243.334786
 198803 1363.852304
 198804 1074.522386
 198805 1072.687873
 198806 1064.852902
 198807 1111.707812
 198808 1042.713939
 198809 1092.604377
 198810 1181.245809
 198811 1313.375956
 198812 1414.431637
 198901 1401.039673
 198902 1301.966777
 198903 1319.598925
 198904 1223.733502
 198905 1195.155625
 198906 1232.356144
 198907 1161.505752
 198908 1068.041744
 198909 1117.760886
 198910 1233.72103
 198911 1313.621021
 198912 1222.823123
 199001 1401.183832
 199002 1282.944069
 199003 1394.490209
 199004 1254.858448
 199005 1256.922164
 199006 1182.053453
 199007 1251.777943
 199008 1202.367513
 199009 1113.380628
 199010 1205.898747
 199011 1376.867659
 199012 1505.432978
 199101 1526.588899
 199102 1305.728818
 199103 1224.566863
 199104 1342.853449
 199105 1247.023696
 199106 1115.042232
 199107 1239.519769
 199108 1018.70394
 199109 1049.617445
 199110 1390.528703
 199111 1334.675572
 199112 1481.882253
 199201 1422
 199202 1299
 199203 1323
 199204 1263
 199205 1234
 199206 1102
 199207 1224
 199208 1058
 199209 1222
 199210 1199
 199211 1277
 199212 1295
 199301 1310
 199302 1396
 199303 1777
 199304 1368
 199305 1289
 199306 1226
 199307 1270
 199308 1200
 199309 1136
 199310 1430
 199311 1521
 199312 1595
 199401 1435
 199402 1547
 199403 1270
 199404 1630
 199405 1284
 199406 1482
 199407 1323
 199408 1202
 199409 1326
 199410 1114
 199411 1745
 199412 1821
 199501 1674
 199502 1541
 199503 1809
 199504 1417
 199505 1499
 199506 1472
 199507 1464
 199508 1435
 199509 1464
 199510 1581
 199511 1835
 199512 1900
 199601 1567.84
 199602 1799.66
 199603 1805.51
 199604 1485.21
 199605 1587.18
 199606 1410.48
 199607 1658.63
 199608 1468.47
 199609 1553.58
 199610 1844.74
 199611 1834.83
 199612 1804.94
 199701 1743.84
 199702 1641.35
 199703 1682.17
 199704 1656.42
 199705 1584.33
 199706 1526.92
 199707 1746.67
 199708 1483.54
 199709 1636.76
 199710 1871.86
 199711 1863.77
 199712 2036.55
 199801 1884.13
 199802 1817.96
 199803 1957.67
 199804 1854.33
 199805 1728.04
 199806 1763.27
 199807 1898.41
 199808 1612.46
 199809 1780.92
 199810 2070.2
 199811 2075.83
 199812 2252.08
 199901 2075.83
 199902 2197.44
 199903 2345.5
 199904 1876.38
 199905 1874.62
 199906 1942.11
 199907 2069.92
 199908 1817.53
 199909 1942.72
 199910 2143.11
 199911 2353.26
 199912 2561.38
 200001 2301.04
 200002 2288.85
 200003 2337.66
 200004 2038.25
 200005 2079.07
 200006 2114.75
 200007 2131.52
 200008 2015.64
 200009 2071.68
 200010 2197.79
 200011 2255.43
 200012 2222.22
 200101 2409.72
 200102 2351.34
 200103 2450.66
 200104 2111.3
 200105 2219.96
 200106 2167.62
 200107 2255.94
 200108 2103.9
 200109 2153.71
 200110 2416.35
 200111 2529.95
 200112 2728.89
 200201 2463.01
 200202 2387.62
 200203 2384.1
 200204 2398.19
 200205 2292.81
 200206 2169.99
 200207 2514.24
 200208 2240.49
 200209 2285.78
 200210 2610.22
 200211 2513.91
 200212 2492.43
 200301 2703.4
 200302 2648.44
 200303 2566.59
 200304 2464.42
 200305 2480.07
 200306 2424.81
 200307 2708.27
 200308 2331.67
 200309 2485.87
 200310 2763.56
 200311 2558.76
 200312 2886.04
 200401 2774.88
 200402 2738.85
 200403 2958.16
 200404 2701.24
 200405 2542.14
 200406 2674.21
 200407 2818.83
