# Created by Octave 4.2.0, Sun Feb 12 12:20:49 2023 CET <marcos@encina>
# name: X271400
# type: matrix
# rows: 576
# columns: 2
 197501 1805
 197502 1678
 197503 1615
 197504 1996
 197505 2186
 197506 2790
 197507 3502
 197508 2514
 197509 2094
 197510 2030
 197511 1518
 197512 1686
 197601 1703
 197602 1633
 197603 2399
 197604 2437
 197605 2594
 197606 3224
 197607 3937
 197608 2499
 197609 1928
 197610 2063
 197611 1995
 197612 1922
 197701 2277
 197702 2201
 197703 3676
 197704 3136
 197705 3509
 197706 3879
 197707 4714
 197708 3408
 197709 2946
 197710 2885
 197711 2619
 197712 2049
 197801 2504
 197802 1894
 197803 2925
 197804 3079
 197805 3642
 197806 4847
 197807 5225
 197808 3995
 197809 3542
 197810 3493
 197811 3120
 197812 2426
 197901 2999
 197902 2915
 197903 3707
 197904 3603
 197905 4893
 197906 5795
 197907 7578
 197908 5364
 197909 4110
 197910 3599
 197911 2984
 197912 2859
 198001 3284
 198002 3115
 198003 3239
 198004 3162
 198005 3857
 198006 4320
 198007 5745
 198008 3593
 198009 2987
 198010 3630
 198011 2344
 198012 2100
 198101 2516
 198102 2069
 198103 2918
 198104 2970
 198105 3401
 198106 4653
 198107 6380
 198108 3350
 198109 2755
 198110 3455
 198111 2716
 198112 2485
 198201 2478
 198202 2362
 198203 2876
 198204 3259
 198205 3883
 198206 4794
 198207 6450
 198208 3876
 198209 3269
 198210 3045
 198211 2459
 198212 2557
 198301 3025
 198302 2070
 198303 3233
 198304 2721
 198305 3764
 198306 4793
 198307 6423
 198308 4145
 198309 3534
 198310 3727
 198311 2503
 198312 2223
 198401 2804
 198402 1915
 198403 2083
 198404 2568
 198405 2743
 198406 3449
 198407 5261
 198408 3462
 198409 2506
 198410 2696
 198411 1906
 198412 1586
 198501 2320
 198502 1927
 198503 2420
 198504 2743
 198505 2925
 198506 3873
 198507 6171
 198508 4069
 198509 3057
 198510 3831
 198511 2353
 198512 3215
 198601 1982
 198602 1713
 198603 2648
 198604 3407
 198605 4325
 198606 5541
 198607 7647
 198608 4325
 198609 3127
 198610 4252
 198611 3590
 198612 3264
 198701 2954
 198702 2854
 198703 4521
 198704 5338
 198705 5764
 198706 6830
 198707 9291
 198708 5574
 198709 4624
 198710 5169
 198711 4135
 198712 3733
 198801 4333
 198802 3886
 198803 5720
 198804 5568
 198805 7909
 198806 9810
 198807 11772
 198808 8450
 198809 6199
 198810 6136
 198811 5369
 198812 4798
 198901 6176
 198902 5189
 198903 7521
 198904 7517
 198905 10455
 198906 14050
 198907 17002
 198908 11111
 198909 7558
 198910 8875
 198911 6941
 198912 5269
 199001 7291
 199002 7148
 199003 9944
 199004 9294
 199005 13111
 199006 14207
 199007 17406
 199008 11688
 199009 7956
 199010 8580
 199011 6855
 199012 5045
 199101 7275
 199102 6148
 199103 8459
 199104 10570
 199105 12860
 199106 14550
 199107 19134
 199108 11137
 199109 8635
 199110 9243
 199111 6174
 199112 4589
 199201 6624
 199202 6704
 199203 9764
 199204 10954
 199205 11722
 199206 12301
 199207 14942
 199208 7091
 199209 6193
 199210 5007
 199211 4076
 199212 5211
 199301 2957
 199302 3295
 199303 4203
 199304 5430
 199305 5217
 199306 6575
 199307 7341
 199308 3908
 199309 3677
 199310 2985
 199311 2548
 199312 2581
 199401 2624
 199402 2306
 199403 3329
 199404 2661
 199405 3150
 199406 3736
 199407 4414
 199408 3038
 199409 2782
 199410 2378
 199411 2187
 199412 2252
 199501 2608
 199502 2495
 199503 3809
 199504 2740
 199505 4296
 199506 3980
 199507 3862
 199508 2570
 199509 2297
 199510 2401
 199511 2109
 199512 1513
 199601 1923
 199602 1787
 199603 2278
 199604 2935
 199605 3385
 199606 3539
 199607 4137
 199608 2339
 199609 2100
 199610 2837
 199611 1966
 199612 1975
 199701 2099
 199702 2283
 199703 2939
 199704 3822
 199705 3991
 199706 4523
 199707 5597
 199708 3098
 199709 3668
 199710 4234
 199711 2892
 199712 2677
 199801 3068
 199802 3079
 199803 4445
 199804 4642
 199805 4863
 199806 6013
 199807 7966
 199808 4301
 199809 4477
 199810 4797
 199811 4182
 199812 4145
 199901 3637
 199902 3944
 199903 5795
 199904 5891
 199905 6800
 199906 8905
 199907 9734
 199908 5114
 199909 5609
 199910 5126
 199911 4301
 199912 3847
 200001 3905
 200002 5418
 200003 9161
 200004 5720
 200005 6892
 200006 8310
 200007 8136
 200008 5561
 200009 5199
 200010 5360
 200011 4539
 200012 3825
 200101 4623
 200102 4461
 200103 5564
 200104 5522
 200105 6056
 200106 7577
 200107 8145
 200108 5054
 200109 4219
 200110 5182
 200111 4272
 200112 3517
 200201 4142
 200202 4102
 200203 4295
 200204 6062
 200205 7009
 200206 6714
 200207 7758
 200208 4907
 200209 4427
 200210 5645
 200211 4238
 200212 3330
 200301 5101
 200302 4196
 200303 5728
 200304 6557
 200305 7670
 200306 8431
 200307 10419
 200308 5551
 200309 5967
 200310 7021
 200311 5301
 200312 5557
 200401 6403
 200402 6139
 200403 7459
 200404 8453
 200405 9231
 200406 13168
 200407 13788
 200408 8511
 200409 9601
 200410 13523
 200411 14603
 200412 12315
 200501 11657
 200502 11381
 200503 14425
 200504 19483
 200505 21387
 200506 27558
 200507 27733
 200508 19334
 200509 19868
 200510 17802
 200511 16650
 200512 13142
 200601 14399
 200602 15886
 200603 23384
 200604 21983
 200605 28300
 200606 33867
 200607 32702
 200608 24002
 200609 21908
 200610 23134
 200611 20225
 200612 15095
 200701 19984
 200702 17643
 200703 26749
 200704 22267
 200705 31968
 200706 33615
 200707 36432
 200708 23592
 200709 20036
 200710 21197
 200711 17803
 200712 14322
 200801 16457
 200802 16787
 200803 16762
 200804 23839
 200805 21579
 200806 21885
 200807 29049
 200808 17245
 200809 17016
 200810 15681
 200811 10691
 200812 14761
 200901 6488
 200902 6847
 200903 10042
 200904 11207
 200905 12286
 200906 16261
 200907 19051
 200908 11350
 200909 12972
 200910 12948
 200911 10997
 200912 9450
 201001 8311
 201002 8520
 201003 12273
 201004 13113
 201005 15225
 201006 19312
 201007 15836
 201008 9860
 201009 12131
 201010 10721
 201011 8593
 201012 7127
 201101 6946
 201102 7751
 201103 11555
 201104 11684
 201105 12926
 201106 15210
 201107 15087
 201108 9270
 201109 11351
 201110 10380
 201111 6403
 201112 6059
 201201 6491
 201202 6021
 201203 9167
 201204 8414
 201205 10781
 201206 12054
 201207 12905
 201208 10499
 201209 7786
 201210 8032
 201211 5990
 201212 4479
 201301 5723
 201302 5409
 201303 6101
 201304 8678
 201305 10162
 201306 10192
 201307 11526
 201308 7633
 201309 8792
 201310 10016
 201311 6453
 201312 5160
 201401 6335
 201402 6225
 201403 8740
 201404 10174
 201405 11534
 201406 11754
 201407 14409
 201408 7984
 201409 10988
 201410 11663
 201411 8197
 201412 6597
 201501 7131
 201502 7232
 201503 11341
 201504 11712
 201505 13681
 201506 15760
 201507 18115
 201508 9784
 201509 13120
 201510 11425
 201511 8946
 201512 8849
 201601 9014
 201602 9512
 201603 11290
 201604 13736
 201605 14502
 201606 18120
 201607 16623
 201608 11329
 201609 15180
 201610 12699
 201611 12286
 201612 16445
 201701 7351
 201702 7484
 201703 11549
 201704 11895
 201705 15022
 201706 17451
 201707 15950
 201708 11056
 201709 13040
 201710 13004
 201711 11954
 201712 8706
 201801 11127
 201802 9709
 201803 11896
 201804 14098
 201805 17511
 201806 17740
 201807 18209
 201808 12575
 201809 15570
 201810 15040
 201811 10793
 201812 10374
 201901 11570
 201902 11253
 201903 15768
 201904 15749
 201905 18721
 201906 19268
 201907 21222
 201908 12223
 201909 15658
 201910 16925
 201911 13749
 201912 11139
 202001 12856
 202002 13418
 202003 8312
 202004 860
 202005 10334
 202006 21662
 202007 24788
 202008 14355
 202009 16438
 202010 13939
 202011 11375
 202012 13309
 202101 8221
 202102 10773
 202103 15905
 202104 15184
 202105 16428
 202106 19363
 202107 18427
 202108 11814
 202109 15998
 202110 14269
 202111 13812
 202112 12794
 202201 12047
 202202 13047
 202203 15365
 202204 14708
 202205 19957
 202206 20282
 202207 16918
 202208 12010
 202209 16311
 202210 14853
 202211 15326
 202212 12286


