# Created by Octave 4.2.0, Thu Feb 18 14:32:49 2021 CET <marcos@encina>
# name: X330000
# type: matrix
# rows: 416
# columns: 2
 198606 -7.3
 198607 -7.7
 198608 -8
 198609 -7.8
 198610 -8.1
 198611 -6.7
 198612 -8.5
 198701 -7.9
 198702 -8
 198703 -8.800000000000001
 198704 -8.300000000000001
 198705 -9.1
 198706 -8.4
 198707 -6.7
 198708 -7
 198709 -5
 198710 -5.9
 198711 -7.2
 198712 -7.8
 198801 -6.1
 198802 -5.1
 198803 -3.9
 198804 -2.7
 198805 -3.4
 198806 -5.7
 198807 -4.9
 198808 -4.1
 198809 -4.2
 198810 -3.9
 198811 -4.5
 198812 -3.9
 198901 -3
 198902 -5
 198903 -4.8
 198904 -4.8
 198905 -3.9
 198906 -2.8
 198907 -5
 198908 -4.6
 198909 -5.1
 198910 -3.3
 198911 -3.2
 198912 -0.8
 199001 -3.9
 199002 -3.1
 199003 -5.1
 199004 -6.1
 199005 -6
 199006 -5.9
 199007 -4
 199008 -5.3
 199009 -14.2
 199010 -12.7
 199011 -9.9
 199012 -7.7
 199101 -13.2
 199102 -8.800000000000001
 199103 -4.5
 199104 -8.5
 199105 -5.2
 199106 -6.4
 199107 -7.2
 199108 -10.4
 199109 -5.5
 199110 -7.6
 199111 -8.1
 199112 -12.8
 199201 -11.1
 199202 -9.9
 199203 -13
 199204 -12.6
 199205 -14.4
 199206 -14.7
 199207 -17.1
 199208 -25.4
 199209 -22.3
 199210 -24.7
 199211 -24.7
 199212 -26.5
 199301 -22.8
 199302 -25
 199303 -26.7
 199304 -21.3
 199305 -19.5
 199306 -26.5
 199307 -23.5
 199308 -28.4
 199309 -23.6
 199310 -25.3
 199311 -27.7
 199312 -25.6
 199401 -25.5
 199402 -23.1
 199403 -23.8
 199404 -22.3
 199405 -20.9
 199406 -18.3
 199407 -17.1
 199408 -11.5
 199409 -9.300000000000001
 199410 -11.6
 199411 -8.9
 199412 -8.9
 199501 -10.7
 199502 -13.3
 199503 -14.7
 199504 -14.1
 199505 -15.8
 199506 -16.6
 199507 -17.6
 199508 -12.7
 199509 -13.3
 199510 -14.1
 199511 -12.8
 199512 -12.4
 199601 -8.1
 199602 -10.9
 199603 -8.9
 199604 -11.3
 199605 -12.6
 199606 -11.2
 199607 -14.3
 199608 -11.5
 199609 -14.6
 199610 -10.4
 199611 -11
 199612 -8.699999999999999
 199701 -4.7
 199702 -7.9
 199703 -6.8
 199704 -6.9
 199705 -7.8
 199706 -2.7
 199707 -3.4
 199708 -1.1
 199709 -4.4
 199710 -3.2
 199711 -2.6
 199712 -3.2
 199801 -2.6
 199802 -1.8
 199803 -1.3
 199804 -2.1
 199805 -1.6
 199806 -1.6
 199807 -1.3
 199808 -0.6
 199809 -0.2
 199810 1.5
 199811 1.8
 199812 0.9
 199901 -0.3
 199902 -0.1
 199903 0
 199904 -0.8
 199905 -1.6
 199906 -0.9
 199907 0.3
 199908 0
 199909 -0.1
 199910 2.5
 199911 2
 199912 -1
 200001 -0.8
 200002 1.5
 200003 2.4
 200004 2.5
 200005 0.3
 200006 -1
 200007 0.2
 200008 -0.2
 200009 -2.3
 200010 -3.2
 200011 -0.9
 200012 -2
 200101 -2.4
 200102 -2.2
 200103 -1.7
 200104 -3.8
 200105 -3.1
 200106 -4.2
 200107 -5.2
 200108 -4.9
 200109 -4
 200110 -3.7
 200111 -5.5
 200112 -5.2
 200201 -7
 200202 -6.3
 200203 -7.5
 200204 -6.7
 200205 -6
 200206 -7.6
 200207 -8.9
 200208 -10.7
 200209 -5.9
 200210 -9.199999999999999
 200211 -9.4
 200212 -13.3
 200301 -13.4
 200302 -13
 200303 -13.9
 200304 -11.4
 200305 -10.2
 200306 -8.9
 200307 -8.9
 200308 -8.9
 200309 -8.199999999999999
 200310 -10.2
 200311 -9.5
 200312 -7.8
 200401 -8.5
 200402 -8.5
 200403 -8.800000000000001
 200404 -7.3
 200405 -8
 200406 -10.4
 200407 -8
 200408 -9.5
 200409 -10.8
 200410 -8.199999999999999
 200411 -10
 200412 -7.9
 200501 -8.199999999999999
 200502 -9.800000000000001
 200503 -10.1
 200504 -9.699999999999999
 200505 -10.8
 200506 -10
 200507 -9.4
 200508 -8.4
 200509 -10.5
 200510 -10.2
 200511 -13
 200512 -9.5
 200601 -11.4
 200602 -12.8
 200603 -11.9
 200604 -12
 200605 -13.7
 200606 -13.8
 200607 -13
 200608 -11
 200609 -13.2
 200610 -11
 200611 -9.4
 200612 -10.3
 200701 -11.8
 200702 -11.7
 200703 -10.6
 200704 -12.1
 200705 -12.9
 200706 -11.6
 200707 -10.1
 200708 -11.8
 200709 -13
 200710 -15
 200711 -16.4
 200712 -19.7
 200801 -20
 200802 -20.1
 200803 -20
 200804 -23.2
 200805 -26.9
 200806 -33.3
 200807 -35.5
 200808 -32.5
 200809 -33.2
 200810 -38.1
 200811 -37.5
 200812 -38.1
 200901 -37.2
 200902 -41.4
 200903 -36.3
 200904 -33.4
 200905 -28.5
 200906 -25.4
 200907 -23.3
 200908 -23.4
 200909 -22.4
 200910 -21.7
 200911 -22.5
 200912 -19
 201001 -17.2
 201002 -19.6
 201003 -22.8
 201004 -21.4
 201005 -23.7
 201006 -26.1
 201007 -26.9
 201008 -24.2
 201009 -22.4
 201010 -22.8
 201011 -22.8
 201012 -25
 201101 -25
 201102 -22.2
 201103 -23.7
 201104 -25.3
 201105 -22.8
 201106 -20.4
 201107 -20.4
 201108 -25.4
 201109 -25.8
 201110 -26
 201111 -22.1
 201112 -22.3
 201201 -25.9
 201202 -25.5
 201203 -28.8
 201204 -31.8
 201205 -33.5
 201206 -30
 201207 -33.9
 201208 -41.7
 201209 -39.7
 201210 -36.3
 201211 -37.4
 201212 -39.9
 201301 -34.3
 201302 -34
 201303 -32.4
 201304 -32.2
 201305 -32.8
 201306 -30
 201307 -26.6
 201308 -24.7
 201309 -21.3
 201310 -23.6
 201311 -23.1
 201312 -22
 201401 -18.7
 201402 -18.3
 201403 -15.8
 201404 -15.3
 201405 -14.9
 201406 -12.2
 201407 -14
 201408 -11.8
 201409 -12.7
 201410 -12.6
 201411 -15.8
 201412 -11.7
 201501 -7.9
 201502 -7.3
 201503 -5.9
 201504 -3.1
 201505 -4.4
 201506 -6.7
 201507 -6.8
 201508 -5.1
 201509 -5
 201510 -3.2
 201511 -2.3
 201512 1.6
 201601 -3.3
 201602 -3.5
 201603 -7
 201604 -6.3
 201605 -7.1
 201606 -7.1
 201607 -9.800000000000001
 201608 -7.1
 201609 -8.300000000000001
 201610 -5.8
 201611 -4.9
 201612 -5.5
 201701 -6
 201702 -6.8
 201703 -6
 201704 -4.3
 201705 -2.4
 201706 -2.9
 201707 -1.1
 201708 -1
 201709 -2.2
 201710 -2.4
 201711 -2.4
 201712 -2.7
 201801 -2.8
 201802 -2.9
 201803 -5.9
 201804 -4.9
 201805 -3.2
 201806 -0.8
 201807 -1.4
 201808 -3.3
 201809 -6.4
 201810 -6.5
 201811 -4.9
 201812 -7.2
 201901 -6.9
 201902 -5.4
 201903 -2
 201904 -6.1
 201905 -3.7
 201906 -2.1
 201907 -4.9
 201908 -6.2
 201909 -6.2
 201910 -9.1
 201911 -10.3
 201912 -12.1
 202001 -11.5
 202002 -7.9
 202003 -11.6
 202004 -29.2
 202005 -28.8
 202006 -25.6
 202007 -25.6
 202008 -28.7
 202009 -26.3
 202010 -26.7
 202011 -29
 202012 -23.1
 202101 -23.7


